time,x,y,z,phi,theta,psi,x_velocity,y_velocity,z_velocity,phi_velocity,theta_velocity,psi_velocity,rotor_speed1,rotor_speed2,rotor_speed3,rotor_speed4
0.06,-7.94282831762e-07,1.99169658641e-06,10.0006992602,0.000447890143095,0.000145027770804,0.0,-4.46445150927e-05,0.00011481124753,0.0233082055522,-0.00862872544481,-0.00554081849405,0.0,411.2182015776157,410.72721687554474,413.106442091907,412.3450729779173
0.12000000000000001,-2.74540124578e-05,1.70428352531e-05,10.0076008123,6.28312284131,0.00534727895028,0.0,-0.00141081691718,0.000328146794796,0.206726424647,-0.00830422166273,0.0190585260065,0.0,461.216658748494,463.1550509604042,463.03150898945955,463.05715483196997
0.18,-0.000272576663042,5.46240036655e-05,10.0311746438,0.00398249978979,0.0065628176373,0.0,-0.00692950146481,0.00146857811745,0.578953284184,0.0138758713824,0.0210339041695,0.0,515.9598117417538,516.0991380821855,515.568096447372,517.1325743444069
0.23999999999999996,-0.000846374073356,0.000239125854588,10.0711516969,0.00531424816356,0.00851851809053,0.0,-0.0124084439354,0.00482411150169,0.753513757506,0.0205080494942,0.0290359935998,0.0,459.83393302470097,460.46735286646015,460.24736815774884,460.7718042021359
0.3,-0.00177689759122,0.000657485588061,10.1197214705,0.00942281656736,0.0103460962539,0.0,-0.0187956599378,0.00956761614483,0.865395417827,0.000685180134992,0.031255000535,0.0,440.09156562002494,440.27545784308955,443.1601072774502,441.5278478165719
0.36000000000000004,-0.00314850056302,0.00144638706774,10.1766391888,0.00965651900021,0.0127113656985,0.0,-0.0271801639402,0.016760791514,1.03172294443,-0.00546963529151,0.0378160694014,0.0,458.2623295252561,458.78390820776247,458.2444432648229,457.7550138857725
0.4200000000000001,-0.00505650953184,0.00268070291049,10.2414530551,0.0180445603417,0.0165916999074,0.0,-0.0368284108058,0.0252020714924,1.12863203532,0.0256937399033,0.0226586602414,0.0,437.9041736513522,436.64209258607593,435.5078341677687,438.10631572298803
0.48000000000000015,-0.00762212556586,0.00457088022536,10.3119254408,0.0204244251371,0.0214299677562,0.0,-0.0491587999306,0.0380531326256,1.22033993351,0.0143927133672,0.0419253306048,0.0,435.03802788214364,436.64841054825035,435.87925017465307,434.93393013980574
0.5400000000000001,-0.0110107828713,0.00726541586821,10.3874622068,0.0213565699498,0.0244858083532,0.0,-0.0640892330733,0.0518527896336,1.29745835389,0.0163023287708,0.0488662834028,0.0,431.226486449636,431.8135264041422,430.7667569751275,430.92809677939005
0.6000000000000002,-0.0153932868963,0.0108387346876,10.4688876433,0.0237274355063,0.0285712665091,0.0,-0.0824328495092,0.067490579617,1.41656468425,0.0280856042664,0.0358398689787,0.0,444.88766202361813,443.82105169488653,444.61996655031794,445.5841895047392
0.6600000000000003,-0.021082365189,0.0155125452023,10.5618565721,0.0268879262623,0.0307387255689,0.0,-0.107466454606,0.0887123107014,1.68202723923,0.0135257741737,0.0365074326526,0.0,489.66071571222835,489.7108210392333,488.2346832001606,487.1472944484508
0.7200000000000003,-0.0282501910562,0.0214462927786,10.6675757195,0.0287747964646,0.0373146553815,0.0,-0.132209191934,0.109269401893,1.84166748327,0.0237484676985,0.0123356193723,0.0,459.4037635307608,457.48352267353863,457.910877887182,458.7232260635858
0.7800000000000004,-0.0371077577769,0.0287532411319,10.7847185891,0.0396524649645,0.0408225000731,0.0,-0.163473178845,0.135629311873,2.06265680386,-0.0111527467168,-0.00712810131286,0.0,478.97506507724995,477.49255732692313,477.5913921135513,474.9221001506901
0.8400000000000004,-0.0478387044345,0.0377849411717,10.9134257735,0.0390062541914,0.0403848909725,0.0,-0.194165173292,0.165341509668,2.22727689407,-0.010304703536,-0.00782889787787,0.0,461.81791120097824,461.76274902087266,460.91935067376636,460.98649270684683
0.9000000000000005,-0.0604364408989,0.048636114041,11.052856819,0.0429747105312,0.0402270099287,0.0,-0.225720437518,0.196781470112,2.42001427319,0.0119867993787,-0.00279490431994,0.0,470.44183729169936,470.83154787697515,469.38281896003343,471.10954649563274
0.9600000000000005,-0.0749567978194,0.0614869431677,11.2045697755,0.0441923834714,0.0406715840122,0.0,-0.258338048342,0.231694963171,2.63659466285,0.018613388333,-0.0126500482069,0.0,477.91615846412066,477.1645316591581,478.8002759150754,479.30401536519383
1.0200000000000005,-0.0913939132317,0.0764255845346,11.3680713206,0.0490068993993,0.0406021649193,0.0,-0.289553847193,0.266810490101,2.81300431325,-0.00368556052093,-0.0230256048518,0.0,468.46291374180294,467.65554833342867,467.7244703297261,465.9845134831412
1.0800000000000005,-0.109477077593,0.0932965928324,11.5367113134,0.0500005017323,0.0394782240643,0.0,-0.313119289803,0.295653012241,2.80833385098,-0.017018490359,-0.0185378367682,0.0,410.8419163825766,411.23958345747013,411.2007779643784,410.0180422446506
1.1400000000000006,-0.128985368769,0.111941566998,11.7055477923,0.0521953287976,0.04212633647,0.0,-0.337374738671,0.326020899116,2.81949508057,0.00146277334576,0.00153856724793,0.0,414.95190857447443,416.7106954194297,415.708955013434,417.32534868541086
1.2000000000000006,-0.150359255645,0.132859622529,11.8830439375,0.0522919115811,0.049359258811,0.0,-0.375948812204,0.371221343016,3.09627854876,-0.00131758817521,0.0296355495643,0.0,497.53370612347294,499.5864677288974,496.64288121388375,496.4389023094873
1.2600000000000007,-0.173941102739,0.156197718096,12.0714475915,0.0534001666543,0.054189134773,0.0,-0.410605749368,0.406822246327,3.18355699228,-0.0145141027671,0.00926127587276,0.0,443.72465771869224,442.0489450390081,443.18747308718423,442.101547542373
1.3200000000000007,-0.199758428309,0.181758813447,12.2664580039,0.0526041606291,0.054736425327,0.0,-0.450014082848,0.445102772644,3.31640207729,-0.0124859880445,0.00740277223445,0.0,457.4610648869042,457.31292651424064,457.5419207716045,457.70348135398274
1.3800000000000008,-0.228094025266,0.209720137565,12.4716782466,0.0524802924575,0.0590595857182,0.0,-0.495009077851,0.48689993516,3.52360652984,-0.0224310213161,-0.0154054884223,0.0,481.3255482417515,479.59627858407197,480.9387375388537,480.1849943543073
1.4400000000000008,-0.259052578751,0.240032550717,12.6863288436,0.0539936833735,0.0639974472955,0.0,-0.537406807833,0.523628303904,3.63101996382,-0.00506899662313,0.00994454291641,0.0,450.6616137483433,452.7061596697032,451.4309644088456,452.82989870062545
1.5000000000000009,-0.292615680822,0.272538322247,12.9067672109,0.0536815002498,0.0679664548435,0.0,-0.581764987641,0.559846262045,3.71660405014,-0.00695796096952,-0.0114078330727,0.0,446.7909585600352,445.04656977917284,446.0093683757761,445.8551540862116
1.560000000000001,-0.328899596125,0.307206019281,13.1321411998,0.0554640720917,0.0703175776908,0.0,-0.627898804257,0.595885120854,3.79555646552,0.00813460085322,0.00651577588292,0.0,443.83831214569284,445.30707031107283,443.84156309390204,445.0786147696009
1.620000000000001,-0.36803298942,0.344093610678,13.3622654353,0.0623610158746,0.0815563075157,0.0,-0.677603932323,0.634388846226,3.87482027577,-0.020823314208,0.0414152242012,0.0,444.3007917105231,447.1531512831881,446.1614575072547,443.7907509655443
1.680000000000001,-0.410257816401,0.383347705004,13.5960314771,0.0661493554314,0.085259296061,0.0,-0.730216976826,0.674442698034,3.9171496038,-0.0466398867648,0.0523644453471,0.0,434.38253276922006,435.3010532071415,435.12315376075634,432.95598915053125
1.740000000000001,-0.455658095386,0.4250080635,13.8316679484,0.0635834280161,0.0902961652181,0.0,-0.783564753006,0.713983384248,3.93727825453,-0.0424238192528,0.0662916051704,0.0,426.28512704694253,427.4760593858045,428.305442283921,428.66262430614637
1.8000000000000012,-0.504288112172,0.468948006403,14.06780793,0.0610427624359,0.0951601907021,0.0,-0.837854853493,0.750450869794,3.93401261297,-0.0450425755486,0.0754750399039,0.0,419.5015880702895,420.3022953676194,420.61353646042846,420.3855004093309
1.8600000000000012,-0.556674908718,0.515306938283,14.3080284674,0.0633700773013,0.0996931297868,0.0,-0.908815893871,0.79503081418,4.072741632,-0.0216455129348,0.0756793956095,0.0,465.18372125911554,465.2039335384609,464.74357584963417,466.5733447583784
1.9200000000000013,-0.613106373058,0.564183900707,14.5534035091,0.0643133246575,0.105988397253,0.0,-0.972791609443,0.834252394067,4.10619628482,-0.00639935789798,0.089038485128,0.0,432.8002276328534,433.9286008895451,433.47264735811063,434.75214699775216
1.9800000000000013,-0.673519938138,0.615456211415,14.8009958666,0.0688616687536,0.112296312647,0.0,-1.04155934648,0.875204491887,4.1465857209,0.0167587776478,0.0986690653036,0.0,436.72947738527847,437.5394117198567,434.93456645190207,436.86997888377596
2.0400000000000014,-0.73825229488,0.669303866476,15.0516267294,0.0701859389738,0.118241296885,0.0,-1.1167389698,0.919819275398,4.20741488373,0.00925880672312,0.095365511076,0.0,444.13384176186105,443.8709495529953,443.7190331855459,443.1027363838884
2.1000000000000014,-0.807526475231,0.725804083399,15.3051717649,0.072344385501,0.124136423363,0.0,-1.19293072325,0.963708080474,4.24380183905,-0.00586200006278,0.0988792326154,0.0,435.80254528138977,436.104327362163,437.9844682674131,436.7248819807542
2.1600000000000015,-0.880985553257,0.784651704069,15.556511236,0.0730997383667,0.150199026597,0.0,-1.25755843914,0.997919589676,4.13424051619,0.00452634661209,0.146841702486,0.0,384.8621852301569,389.390008887687,387.2179396662357,388.1941512967371
2.2200000000000015,-0.959539916847,0.845982118816,15.8070159881,0.0739223357307,0.159061261753,0.0,-1.36175136647,1.04645175412,4.21537696685,0.0115459792709,0.148406644407,0.0,451.7162734018505,451.86243319039653,451.2987541709139,451.86493907950626
2.2800000000000016,-1.04447159845,0.910193925869,16.0617792049,0.0746656403941,0.177880662068,0.0,-1.47109675066,1.09395520475,4.27605070245,0.00760636345552,0.112691381818,0.0,448.34650314351325,445.4522689366489,446.2985752924495,445.9767514394594
2.3400000000000016,-1.13724385115,0.977652835597,16.3253378598,0.0751120401717,0.18714096802,0.0,-1.62224434456,1.15462263515,4.50797108985,0.00689841586095,0.128848628295,0.0,497.7964906184906,498.98838337396876,500.47680642429077,500.4251526592334
2.4000000000000017,-1.23773606588,1.0481434735,16.5945350702,0.0780322474659,0.194923550815,0.0,-1.72815639986,1.19527195576,4.4651718224,0.023082194478,0.130412167086,0.0,416.3978475637745,416.5511732225921,415.5800476926165,416.9963103242375
2.4600000000000017,-1.34650297589,1.12181816842,16.8700848541,0.0799537788433,0.202968328235,0.0,-1.89819860783,1.26067652171,4.71836008341,0.013768435658,0.123934246389,0.0,508.5657229442834,508.1142495502347,508.5558826877275,507.8881792109112
2.520000000000002,-1.4646169062,1.19905106633,17.1555352117,0.0859807107294,0.218452661973,0.0,-2.04033225163,1.3142456503,4.7957240163,0.0375791404293,0.153833767169,0.0,458.53843582477526,460.9237871919571,457.7596501888855,459.6508075053105
2.580000000000002,-1.59009311512,1.2790298464,17.4389348297,0.0900819001789,0.238459538927,0.0,-2.143655562,1.35197120681,4.65099957286,0.0513125433792,0.1166513986,0.0,386.4798359304919,382.98078791214397,385.9587734621176,387.25429235178547
2.640000000000002,-1.72211959247,1.36136282964,17.7140032909,0.0959007571849,0.250033422905,0.0,-2.25814490367,1.3928713355,4.51805264428,0.0319394245837,0.0919897175376,0.0,390.7318040898746,388.43767244561593,390.9877530478613,389.17980159504197
2.700000000000002,-1.86314015253,1.44695253311,17.9887130691,0.09780576432,0.255757022712,0.0,-2.44300331795,1.46021244069,4.63799338794,0.0304611606558,0.0856953003649,0.0,474.3236695182428,473.84617387461304,474.99004537137284,474.8769286936445
2.760000000000002,-2.0138539158,1.53604220444,18.2647552556,0.0996907314449,0.263453553672,0.0,-2.58146647119,1.50955798108,4.56331691267,0.0321447682475,0.066944344531,0.0,413.4628518521424,411.81288172913565,412.877282500776,413.02623057002825
2.820000000000002,-2.17433949939,1.62862555012,18.541228045,0.105678861308,0.267544252319,0.0,-2.76834779219,1.57703886739,4.65158656008,0.0530482704524,0.0689572757557,0.0,466.9429969321552,467.1032098613181,466.2034660921294,467.83484893774556
2.880000000000002,-2.34489445667,1.72488615514,18.8184581758,0.109293335038,0.272471522153,0.0,-2.91728898194,1.63190521765,4.58927407767,0.0445520961528,0.0579476557021,0.0,420.007670387644,419.0549903232073,419.3826525702192,418.64566809878204
2.940000000000002,-2.52486146453,1.82463248249,19.0931873079,0.113809015933,0.284262308206,0.0,-3.08262220152,1.69328462909,4.56776375303,0.0284338775241,0.0251386645894,0.0,435.061676885071,432.306921367299,434.59345400062944,433.2409447945342
3.000000000000002,-2.71494193785,1.92812252401,19.3666003065,0.115503591153,0.286275542597,0.0,-3.25361951279,1.75647005879,4.54572903496,0.0269779994623,0.0160626716142,0.0,434.8361446933514,434.0750750052663,435.0374024455945,434.91568019847773
3.0600000000000023,-2.91556806359,2.03551542768,19.6394187075,0.118446187625,0.291226216154,0.0,-3.43433760449,1.82345784913,4.54770499434,0.0384392259406,0.0367685132636,0.0,442.4441654083602,444.14598995599926,443.1416079904584,444.0832271444494
3.1200000000000023,-3.12664358078,2.14677378193,19.9106813283,0.120773034334,0.293425648462,0.0,-3.60179440117,1.88529465225,4.49421988189,0.0352642805789,0.0363677207335,0.0,426.0488870291114,426.01528850823155,425.6523443724328,425.38122354683094
3.1800000000000024,-3.34726360102,2.26154009803,20.1768183693,0.1229766761,0.301004412939,0.0,-3.75289180968,1.94036985322,4.37699881891,0.037524532944,0.0606438294212,0.0,402.77972625424957,404.97111951036374,403.2560250334458,403.4609120441514
3.2400000000000024,-3.57956820152,2.38062174546,20.4437471411,0.128481730766,0.31203949858,0.0,-3.9915055404,2.02941719574,4.51899661481,0.0165286822555,0.0892597728305,0.0,489.3310117991439,491.4602304363622,489.9011465741928,488.33751796974786
3.3000000000000025,-3.82540436956,2.50472313892,20.7159479378,0.129477089838,0.317546301008,0.0,-4.2034933433,2.10724486177,4.55355785872,0.0166985590555,0.0924849578406,0.0,460.1592793389534,460.4210849809183,458.44141475529307,458.4548188605385
3.3600000000000025,-4.08322517453,2.63315406406,20.9875283407,0.130546738736,0.32679088612,0.0,-4.3913517971,2.17376702304,4.49861163484,0.0124052518276,0.0701917798757,0.0,432.82671813230843,430.95226644685863,431.04250713020133,430.67936444537054
3.4200000000000026,-4.35320563403,2.76587228245,21.2578712013,0.135945963607,0.331157822251,0.0,-4.60837013626,2.25054854539,4.51201219233,-0.0124596422994,0.0734738196778,0.0,455.2903555184859,455.5566856051826,456.54718256759793,454.55852005304934
3.4800000000000026,-4.63575788307,2.90303461131,21.5273132106,0.135350486908,0.338677408634,0.0,-4.81073805175,2.32134967518,4.46883742044,-0.00922205560966,0.0529141893249,0.0,439.02476946471063,437.31861838890626,438.4164936318713,438.68559215350274
3.5400000000000027,-4.93012884857,3.04423958317,21.7927917595,0.135541206863,0.342498021596,0.0,-5.00211508357,2.38541465308,4.3802713482,-0.000897054820585,0.0605982435758,0.0,423.1193516594133,423.78275974923605,423.6138875047437,424.3294160246928
3.6000000000000028,-5.23568627632,3.18914534062,22.0518168277,0.143397272028,0.346124562311,0.0,-5.18364953114,2.44525824491,4.25378106686,0.0287351849135,0.0588336265257,0.0,410.3091920137222,410.1553350538944,409.6462643535836,412.2734127831204
3.660000000000003,-5.55318295307,3.33810438914,22.3057996332,0.146801733511,0.35045963681,0.0,-5.40005289296,2.52018130184,4.21173362706,0.0417857226353,0.0477314097765,0.0,441.2017687308838,440.28607105803485,440.31987464518,441.39887667320676
3.720000000000003,-5.88341452327,3.4914597846,22.5562023916,0.153201354846,0.355917336396,0.0,-5.60823785796,2.59206029808,4.13450694472,0.0189398191268,0.0642143863621,0.0,428.9600539091443,430.35979517170705,431.37163865455733,429.43823046401155
3.780000000000003,-6.22798882831,3.64988769093,22.8064015726,0.15434144304,0.366307582758,0.0,-5.87842907022,2.68867304627,4.20386899604,0.0191123592991,0.0349796933836,0.0,480.91992379510583,478.7018329003659,480.5996398404966,480.612640546662
3.840000000000003,-6.5878201872,3.81363615574,23.0576387494,0.155637163727,0.36854178483,0.0,-6.11629703003,2.76955581841,4.1701005129,0.0223074770565,0.0295734842527,0.0,449.84724374150915,449.40957652854064,449.4484882021163,449.70739851115087
3.900000000000003,-6.96141801852,3.98199618367,23.3052563979,0.157014087889,0.370485938871,0.0,-6.33740807408,2.8424320663,4.08351050339,0.0235685422975,0.0237032761492,0.0,432.8373779663349,432.34316264611056,432.855751860587,432.961938147621
3.960000000000003,-7.34900931435,4.15500130673,23.5492339821,0.16443672367,0.371923138431,0.0,-6.58259463368,2.92484019068,4.04833698191,0.0492470633814,0.0243033443867,0.0,451.6776274638584,451.72608633915803,449.87149472599333,451.9468353422969
4.020000000000002,-7.75111570382,4.33290243416,23.790187678,0.167467262589,0.389314215334,0.0,-6.82222897038,3.00514506988,3.98209446946,0.0448023468028,0.0668454064377,0.0,441.1629655311406,444.66351459454944,443.24106239704156,442.8769343378172
4.080000000000001,-8.16878444024,4.51600484575,24.0291849482,0.172058909091,0.393334463334,0.0,-7.10045944125,3.09842712732,3.98329758471,0.0284409711558,0.0672524250898,0.0,468.81183270857156,468.8465573728693,468.7784246328233,467.50573885998153
4.14,-8.60403461898,4.70510001409,24.269912703,0.18700156311,0.397940946925,0.0,-7.40815060541,3.20580416866,4.0390356601,0.0671128510784,0.0576853602389,0.0,488.65208862901306,487.94082853841627,488.08279229560384,490.96196527942834
4.199999999999998,-9.05718184205,4.90054599317,24.512153999,0.191954573713,0.403275937,0.0,-7.69722735247,3.30915480952,4.03429837852,0.0765232597374,0.0715284337647,0.0,473.52824999152836,474.59475896386687,472.43778961127555,473.1664381185865
4.259999999999997,-9.52517094435,5.10104655247,24.7478640781,0.196552049748,0.408185297095,0.0,-7.90328195397,3.37437707146,3.82269565227,0.0738494343016,0.0790204771258,0.0,403.0523691586789,403.7340218170804,403.03325991451334,402.7965880539982
4.319999999999996,-10.0067687278,5.30598257865,24.9732650046,0.204618411863,0.41608899363,0.0,-8.15080534157,3.45711985732,3.68978532616,0.0935699429832,0.058302425355,0.0,433.7646863609539,432.0250059937923,432.13831332844387,433.8033614609912
4.379999999999995,-10.5050722226,5.51672300455,25.1942702881,0.210416624578,0.419602348913,0.0,-8.45970377847,3.56767984027,3.67563583198,0.0972194350531,0.0552948975839,0.0,474.8392935557368,474.6104861340835,476.809098867995,477.0948555343156
4.439999999999993,-11.0211972232,5.73375513867,25.4123938077,0.218914047919,0.424202485607,0.0,-8.74504809572,3.66706008771,3.59395127091,0.0780981457797,0.0416313134085,0.0,456.6566569965251,455.5666932936058,457.3990328585827,455.87996713402305
4.499999999999992,-11.5531943099,5.95614575413,25.6224336819,0.224716763641,0.427931052834,0.0,-8.98902614785,3.74612542913,3.40701952587,0.0885363833353,0.0526426638942,0.0,419.96213075081636,420.9177947371675,421.4030569067001,422.3104670790397
4.559999999999991,-12.1013246672,6.18396355455,25.8240031571,0.230845119896,0.431237543108,0.0,-9.2825922626,3.84792260972,3.31091400856,0.0773668012707,0.0558232691148,0.0,455.3783623155475,455.634616370618,454.9874686591774,454.09781238726896
4.6199999999999894,-12.6664360716,6.41752717917,26.0179448505,0.239157981881,0.444517592402,0.0,-9.55547178727,3.93765045219,3.15237339854,0.0551439251964,0.0891644214984,0.0,434.6120541160206,437.402014223079,436.6029478919415,434.74816877324815
4.679999999999988,-13.250593866,6.65771993904,26.2071207779,0.244846963299,0.450539744371,0.0,-9.91692932165,4.0686507748,3.15133384141,0.0370001576856,0.0789021220306,0.0,493.1445453348101,492.3909872665866,494.6074917396298,493.27032006171373
4.739999999999987,-13.8527091333,6.9038125281,26.3881428975,0.24707102648,0.458451889367,0.0,-10.1547835365,4.13432101166,2.88247085726,0.0344118429068,0.058136324076,0.0,403.04815501931,401.1708963917112,401.97658559405903,401.7426112232503
4.799999999999986,-14.4702036155,7.15425024418,26.5546743983,0.249754634666,0.463895189762,0.0,-10.4294289033,4.21343954778,2.66798455789,0.0419126965042,0.0415719329911,0.0,424.41059645076166,422.9879681853681,423.89576479637384,424.54078086659166
4.859999999999984,-15.1042368119,7.40932928958,26.7079220294,0.253130967265,0.466420081356,0.0,-10.7060996276,4.28913047558,2.43990621287,0.0304738954639,0.0426321527633,0.0,419.9972889917992,420.090321265639,420.6989667892658,419.7077981755602
4.919999999999983,-15.7556008193,7.66918764168,26.8483747353,0.258320694402,0.470379176745,0.0,-11.0070577342,4.37273698754,2.24102992933,0.0493932407807,0.0284096518111,0.0,433.0594875253689,431.86183918168166,431.61313867938986,433.2081665763971
4.979999999999982,-16.4255964574,7.93422823833,26.9774254098,0.261404502915,0.472684296604,0.0,-11.3271399687,4.46174159588,2.05982661888,0.0442097205941,0.0186360335283,0.0,441.17021605813835,440.36232840755457,441.4534650749455,441.02678647349626
5.0399999999999805,-17.1144033132,8.20426038818,27.0943024906,0.264065287553,0.473821087259,0.0,-11.6342889796,4.5391565297,1.83560072596,0.0445666390146,0.0155188062073,0.0,427.1212819694049,426.85519517272763,426.5825363268575,426.61422848047863
